0.31916 0.43839 0.63374 0.74353 0.2868 0.81016 0
0.57133 0.81602 0.33941 0.49401 0.61318 0.95931 1
0.79 0.50321 0.53312 0.70134 0.00681 0.84198 1
0.27013 0.36023 0.20781 0.41794 0.91563 0.02647 0
0.65524 0.94558 0.77391 0.85883 0.1268 0.70817 1
0.87753 0.48248 0.08363 0.53632 0.12987 0.2415 1
0.99848 0.97059 0.40198 0.89523 0.05643 0.69414 1
0.11045 0.87254 0.0275 0.12752 0.12978 0.82714 0
0.19034 0.56851 0.80974 0.73279 0.58614 0.05731 1
0.04175 0.50598 0.22652 0.32364 0.83095 0.57593 1
0.67074 0.08966 0.92392 0.64565 0.64806 0.1076 1
0.31259 0.53102 0.02941 0.19719 0.86136 0.08035 1
0.51358 0.57346 0.97057 0.70448 0.38368 0.64173 0
0.5748 0.73998 0.15855 0.02355 0.87454 0.57922 1
0.73795 0.37651 0.84885 0.4506 0.43499 0.28937 1
0.12234 0.22762 0.50251 0.85285 0.05778 0.05923 1
0.29204 0.63481 0.74863 0.92287 0.36398 0.81262 1
0.20579 0.24721 0.16558 0.42557 0.23985 0.06639 1
0.10295 0.13768 0.82837 0.62354 0.94657 0.57294 0
0.63631 0.98705 0.85531 0.40219 0.53227 0.20371 0
0.60792 0.03666 0.63675 0.71701 0.0171 0.08445 1
0.79709 0.49159 0.95582 0.9237 0.7849 0.6095 1
0.79752 0.92179 0.93881 0.34265 0.66138 0.75844 1
0.19058 0.53877 0.92721 0.36691 0.9425 0.39474 1
0.20933 0.02958 0.62614 0.41492 0.13203 0.57628 1
0.94835 0.80624 0.94224 0.74987 0.67526 0.27319 0
0.08126 0.24699 0.70022 0.8521 0.16481 0.83782 1
0.71581 0.5581 0.8726 0.4309 0.69267 0.2996 1
0.88194 0.09327 0.4679 0.8077 0.55773 0.10052 0
0.28115 0.47039 0.81159 0.33119 0.5576 0.4464 1
0.10172 0.84091 0.48197 0.77067 0.03233 0.61675 1
0.39991 0.30703 0.16392 0.1175 0.06959 0.1661 1
0.02257 0.56986 0.58076 0.32185 0.94098 0.63331 1
0.45448 0.15179 0.09694 0.94542 0.57503 0.08314 1
0.11575 0.52651 0.39712 0.0409 0.62854 0.6087 1
0.74421 0.39977 0.61218 0.89644 0.64675 0.35252 1
0.16937 0.12946 0.2938 0.91577 0.19587 0.70189 1
0.81558 0.64338 0.10918 0.42805 0.37015 0.25829 1
0.41617 0.34373 0.96433 0.30482 0.57362 0.62128 0
0.56769 0.03806 0.92775 0.10397 0.1508 0.72004 1
0.58391 0.04612 0.83061 0.20237 0.48294 0.39144 1
0.27123 0.75626 0.51283 0.88378 0.94178 0.54641 1
0.37057 0.94143 0.72472 0.82401 0.47043 0.37886 0
0.5657 0.19514 0.91331 0.27839 0.84234 0.30362 1
0.83773 0.07801 0.59655 0.89938 0.96326 0.93468 0
0.51715 0.11399 0.75129 0.65054 0.58436 0.22248 1
0.41182 0.42247 0.75244 0.58607 0.66568 0.06302 1
0.41247 0.16708 0.88867 0.56974 0.50616 0.78365 1
0.34783 0.36403 0.90621 0.09026 0.75102 0.50638 1
0.37823 0.06094 0.50227 0.30861 0.30641 0.42562 1
0.48169 0.45163 0.47236 0.15592 0.98884 0.77137 1
0.00757 0.72376 0.88989 0.24004 0.17651 0.1683 1
0.48205 0.33119 0.45829 0.93318 0.33065 0.71617 1
0.04483 0.33487 0.90557 0.49248 0.03575 0.73791 0
0.01496 0.6657 0.8414 0.62269 0.89063 0.76693 0
0.90499 0.43741 0.23728 0.43782 0.6899 0.54242 1
0.94359 0.86498 0.66174 0.23083 0.6178 0.29495 1
0.98103 0.25711 0.30245 0.11105 0.83932 0.75816 1
0.06329 0.21998 0.99278 0.29143 0.06899 0.41905 1
0.57514 0.31694 0.96632 0.33504 0.12853 0.67281 0
0.4215 0.3346 0.09052 0.93735 0.90133 0.14504 1
0.11778 0.57606 0.37728 0.68495 0.35274 0.55153 1
0.92312 0.68932 0.62829 0.56103 0.53363 0.242 0
0.70125 0.40332 0.93637 0.24634 0.62596 0.87502 1
0.03246 0.98223 0.4091 0.78027 0.36141 0.31685 1
0.39608 0.10763 0.08392 0.19447 0.15118 0.63581 1
0.60303 0.56524 0.78769 0.61574 0.84989 0.00716 0
0.68768 0.51134 0.53609 0.95497 0.4805 0.66201 1
0.17867 0.32166 0.97145 0.28254 0.81207 0.85164 1
0.83098 0.66493 0.10616 0.88078 0.04737 0.26627 1
0.63813 0.43469 0.08267 0.81543 0.73969 0.97789 0
0.04886 0.62407 0.04273 0.47314 0.72779 0.58112 0
0.00104 0.10181 0.36238 0.53612 0.59755 0.07131 0
0.8627 0.8298 0.1028 0.47257 0.20465 0.52481 1
0.11683 0.06457 0.66947 0.70672 0.07527 0.29341 0
0.63602 0.20252 0.98165 0.34325 0.08522 0.6788 1
0.07115 0.6166 0.5145 0.22675 0.26664 0.89149 1
0.07533 0.09584 0.27321 0.17041 0.78653 0.54096 0
0.52605 0.82397 0.66271 0.03429 0.32122 0.82188 1
0.7164 0.02248 0.8811 0.34526 0.86181 0.13176 0
0.79932 0.85342 0.72112 0.02042 0.25214 0.54925 0
0.00446 0.41543 0.60113 0.66399 0.92056 0.6416 1
0.12579 0.76285 0.74109 0.12591 0.73643 0.33376 0
0.26222 0.24506 0.91197 0.62382 0.59726 0.33166 1
0.19199 0.35858 0.34638 0.52124 0.27859 0.18023 1
0.65347 0.4927 0.22673 0.71594 0.07273 0.63417 1
0.85587 0.90548 0.42893 0.86124 0.28675 0.07565 0
0.31423 0.12302 0.65387 0.83626 0.84512 0.4187 1
0.29819 0.60573 0.32049 0.00806 0.33724 0.1009 1
0.10507 0.2066 0.99413 0.60486 0.76588 0.33005 0
0.62223 0.16831 0.36672 0.69763 0.55297 0.90725 0
0.05351 0.15337 0.82046 0.18175 0.97934 0.67594 0
0.90053 0.48251 0.89679 0.39134 0.59744 0.05246 1
0.59945 0.61869 0.63056 0.55701 0.7805 0.22963 0
0.22894 0.38247 0.432 0.07407 0.37433 0.07267 0
0.32275 0.00449 0.86228 0.42646 0.71882 0.31055 1
0.35279 0.95418 0.33771 0.17824 0.08768 0.64998 0
0.85484 0.34909 0.94404 0.74688 0.54484 0.35244 0
0.80328 0.00803 0.97552 0.77278 0.25194 0.26064 0
0.83913 0.00728 0.78222 0.10274 0.8529 0.07631 0
